# gen_export v1 seed=1 build_config=opentitan counters=0 sources= fields=order,pc_rdata,pc_wdata,insn,trap,halt,intr,mode,ixl,rs1_addr,rs1_rdata,rs2_addr,rs2_rdata,rd_addr,rd_wdata,mem_addr,mem_rmask,mem_wmask,mem_rdata,mem_wdata,ext_pre_mip,ext_post_mip,ext_nmi,ext_nmi_int,ext_debug_req,ext_debug_mode,ext_rf_wr_suppress,ext_ic_scr_key_valid,ext_irq_valid,ext_exp_valid,ext_exp_insn,ext_exp_last,ext_mcycle,cycle
# image /localdev/fzhang/ws/ibex-challenge/dv/auto_dv/work/tb-infra/out_codegen/zc/prog.vmem
# flush seq=1 records=0 retired=0 markers=0 events=0 cycle=3c
R 1 80000080 80000084 40006f 0 0 0 3 1 0 0 0 0 0 0 80000084 f 0 0 0 0 0 0 0 0 0 0 1 0 0 0 0 44 46
R 2 80000084 80000088 117 0 0 0 3 1 0 0 0 0 2 80000084 80000084 f 0 0 0 0 0 0 0 0 0 0 1 0 0 0 0 4b 4d
R 3 80000088 8000008c 31c10113 0 0 0 3 1 2 80000084 0 0 2 800003a0 800003a0 f 0 0 0 0 0 0 0 0 0 0 1 0 0 0 0 50 52
R 4 8000008c 8000008e 828a 0 0 0 3 1 0 0 2 800003a0 5 800003a0 800003a0 f 0 0 800003a0 0 0 0 0 0 0 0 1 0 0 0 0 52 54
R 5 8000008e 80000092 111110b7 0 0 0 3 1 0 0 0 0 1 11111000 11111000 f 0 0 0 0 0 0 0 0 0 0 1 0 0 0 0 57 59
R 6 80000092 80000096 11108093 0 0 0 3 1 1 11111000 0 0 1 11111111 11111111 f 0 0 0 0 0 0 0 0 0 0 1 0 0 0 0 5a 5c
R 7 80000096 8000009a 22222437 0 0 0 3 1 0 0 0 0 8 22222000 22222000 f 0 0 800003a0 0 0 0 0 0 0 0 1 0 0 0 0 5d 5f
R 8 8000009a 8000009e 22240413 0 0 0 3 1 8 22222000 0 0 8 22222222 22222222 f 0 0 800003a0 0 0 0 0 0 0 0 1 0 0 0 0 5e 60
R 9 8000009e 800000a2 333334b7 0 0 0 3 1 0 0 0 0 9 33333000 33333000 f 0 0 0 0 0 0 0 0 0 0 1 0 0 0 0 63 65
R a 800000a2 800000a6 33348493 0 0 0 3 1 9 33333000 0 0 9 33333333 33333333 f 0 0 0 0 0 0 0 0 0 0 1 0 0 0 0 65 67
R b 800000a6 800000aa 44444937 0 0 0 3 1 0 0 0 0 12 44444000 44444000 f 0 0 0 0 0 0 0 0 0 0 1 0 0 0 0 67 69
R c 800000aa 800000ae 44490913 0 0 0 3 1 12 44444000 0 0 12 44444444 44444444 f 0 0 0 0 0 0 0 0 0 0 1 0 0 0 0 6c 6e
R d 800000ae 800000ae ff212e23 0 0 0 3 1 2 800003a0 12 44444444 0 0 8000039c 0 f 0 44444444 0 0 0 0 0 0 0 1 0 1 b872 0 6f 73
R e 800000ae 800000ae fe912c23 0 0 0 3 1 2 800003a0 9 33333333 0 0 80000398 0 f 0 33333333 0 0 0 0 0 0 0 1 0 1 b872 0 75 7a
R f 800000ae 800000ae fe812a23 0 0 0 3 1 2 800003a0 8 22222222 0 0 80000394 0 f 0 22222222 0 0 0 0 0 0 0 1 0 1 b872 0 7d 80
R 10 800000ae 800000ae fe112823 0 0 0 3 1 2 800003a0 1 11111111 0 0 80000390 0 f 0 11111111 0 0 0 0 0 0 0 1 0 1 b872 0 83 88
R 11 800000ae 800000b0 ff010113 0 0 0 3 1 2 800003a0 0 0 2 80000390 80000390 f 0 0 0 0 0 0 0 0 0 0 1 0 1 b872 1 87 89
R 12 800000b0 800000b4 40228333 0 0 0 3 1 5 800003a0 2 80000390 6 10 10 f 0 0 80000390 0 0 0 0 0 0 0 1 0 0 0 0 88 8a
R 13 800000b4 800000b6 43c1 0 0 0 3 1 0 0 0 0 7 10 10 f 0 0 0 0 0 0 0 0 0 0 1 0 0 0 0 89 8b
R 14 800000b6 800000ba 1a731963 0 0 0 3 1 6 10 7 10 0 0 0 f 0 0 10 0 0 0 0 0 0 0 1 0 0 0 0 8a 8c
R 15 800000ba 800000bc 4e32 0 0 0 3 1 2 80000390 0 0 1c 44444444 8000039c f 0 44444444 0 0 0 0 0 0 0 0 1 0 0 0 0 8e 93
R 16 800000bc 800000c0 1b2e1663 0 0 0 3 1 1c 44444444 12 44444444 0 0 0 f 0 44444444 44444444 0 0 0 0 0 0 0 1 0 0 0 0 93 95
R 17 800000c0 800000c2 4e22 0 0 0 3 1 2 80000390 0 0 1c 33333333 80000398 f 0 33333333 22222222 0 0 0 0 0 0 0 1 0 0 0 0 96 9a
R 18 800000c2 800000c6 1a9e1363 0 0 0 3 1 1c 33333333 9 33333333 0 0 0 f 0 33333333 33333333 0 0 0 0 0 0 0 1 0 0 0 0 9a 9c
R 19 800000c6 800000c8 4e12 0 0 0 3 1 2 80000390 0 0 1c 22222222 80000394 f 0 22222222 0 0 0 0 0 0 0 0 1 0 0 0 0 9c a1
R 1a 800000c8 800000cc 1a8e1063 0 0 0 3 1 1c 22222222 8 22222222 0 0 0 f 0 22222222 22222222 0 0 0 0 0 0 0 1 0 0 0 0 a1 a3
R 1b 800000cc 800000ce 4e02 0 0 0 3 1 2 80000390 0 0 1c 11111111 80000390 f 0 11111111 0 0 0 0 0 0 0 0 1 0 0 0 0 a3 a8
R 1c 800000ce 800000d2 181e1d63 0 0 0 3 1 1c 11111111 1 11111111 0 0 0 f 0 11111111 11111111 0 0 0 0 0 0 0 1 0 0 0 0 a8 aa
R 1d 800000d2 800000d4 4081 0 0 0 3 1 0 0 0 0 1 0 0 f 0 11111111 0 0 0 0 0 0 0 0 1 0 0 0 0 a9 ab
R 1e 800000d4 800000d6 4401 0 0 0 3 1 0 0 0 0 8 0 0 f 0 11111111 0 0 0 0 0 0 0 0 1 0 0 0 0 aa ac
R 1f 800000d6 800000d8 4481 0 0 0 3 1 0 0 0 0 9 0 0 f 0 11111111 0 0 0 0 0 0 0 0 1 0 0 0 0 ab ad
R 20 800000d8 800000da 4901 0 0 0 3 1 0 0 0 0 12 0 0 f 0 11111111 0 0 0 0 0 0 0 0 1 0 0 0 0 ac ae
R 21 800000da 800000da c12903 0 0 0 3 1 2 80000390 0 0 12 44444444 8000039c f 0 44444444 0 0 0 0 0 0 0 0 1 0 1 ba72 0 ae b1
R 22 800000da 800000da 812483 0 0 0 3 1 2 80000390 0 0 9 33333333 80000398 f 0 33333333 0 0 0 0 0 0 0 0 1 0 1 ba72 0 b4 b8
R 23 800000da 800000da 412403 0 0 0 3 1 2 80000390 0 0 8 22222222 80000394 f 0 22222222 0 0 0 0 0 0 0 0 1 0 1 ba72 0 bb bf
R 24 800000da 800000da 12083 0 0 0 3 1 2 80000390 0 0 1 11111111 80000390 f 0 11111111 0 0 0 0 0 0 0 0 1 0 1 ba72 0 c2 c7
R 25 800000da 800000dc 1010113 0 0 0 3 1 2 80000390 0 0 2 800003a0 800003a0 f 0 11111111 0 0 0 0 0 0 0 0 1 0 1 ba72 1 c6 c8
R 26 800000dc 800000e0 18511663 0 0 0 3 1 2 800003a0 5 800003a0 0 0 0 f 0 11111111 800003a0 0 0 0 0 0 0 0 1 0 0 0 0 c7 c9
R 27 800000e0 800000e4 11111e37 0 0 0 3 1 0 0 0 0 1c 11111000 11111000 f 0 11111111 0 0 0 0 0 0 0 0 1 0 0 0 0 c8 ca
R 28 800000e4 800000e8 111e0e13 0 0 0 3 1 1c 11111000 0 0 1c 11111111 11111111 f 0 11111111 0 0 0 0 0 0 0 0 1 0 0 0 0 c9 cb
R 29 800000e8 800000ec 19c09063 0 0 0 3 1 1 11111111 1c 11111111 0 0 0 f 0 11111111 11111111 0 0 0 0 0 0 0 1 0 0 0 0 ca cc
R 2a 800000ec 800000f0 22222e37 0 0 0 3 1 0 0 0 0 1c 22222000 22222000 f 0 11111111 800003a0 0 0 0 0 0 0 0 1 0 0 0 0 cb cd
R 2b 800000f0 800000f4 222e0e13 0 0 0 3 1 1c 22222000 0 0 1c 22222222 22222222 f 0 11111111 800003a0 0 0 0 0 0 0 0 1 0 0 0 0 ce d0
R 2c 800000f4 800000f8 17c41a63 0 0 0 3 1 8 22222222 1c 22222222 0 0 0 f 0 11111111 22222222 0 0 0 0 0 0 0 1 0 0 0 0 d0 d2
R 2d 800000f8 800000fc 33333e37 0 0 0 3 1 0 0 0 0 1c 33333000 33333000 f 0 11111111 0 0 0 0 0 0 0 0 1 0 0 0 0 d4 d6
R 2e 800000fc 80000100 333e0e13 0 0 0 3 1 1c 33333000 0 0 1c 33333333 33333333 f 0 11111111 0 0 0 0 0 0 0 0 1 0 0 0 0 d9 db
R 2f 80000100 80000104 17c49463 0 0 0 3 1 9 33333333 1c 33333333 0 0 0 f 0 11111111 33333333 0 0 0 0 0 0 0 1 0 0 0 0 da dc
R 30 80000104 80000108 44444e37 0 0 0 3 1 0 0 0 0 1c 44444000 44444000 f 0 11111111 0 0 0 0 0 0 0 0 1 0 0 0 0 df e1
R 31 80000108 8000010c 444e0e13 0 0 0 3 1 1c 44444000 0 0 1c 44444444 44444444 f 0 11111111 0 0 0 0 0 0 0 0 1 0 0 0 0 e1 e3
R 32 8000010c 80000110 15c91e63 0 0 0 3 1 12 44444444 1c 44444444 0 0 0 f 0 11111111 44444444 0 0 0 0 0 0 0 1 0 0 0 0 e5 e7
R 33 80000110 80000110 fe812e23 0 0 0 3 1 2 800003a0 8 22222222 0 0 8000039c 0 f 0 22222222 0 0 0 0 0 0 0 1 0 1 b856 0 e9 ec
R 34 80000110 80000110 fe112c23 0 0 0 3 1 2 800003a0 1 11111111 0 0 80000398 0 f 0 11111111 0 0 0 0 0 0 0 1 0 1 b856 0 ee f2
R 35 80000110 80000112 fe010113 0 0 0 3 1 2 800003a0 0 0 2 80000380 80000380 f 0 0 0 0 0 0 0 0 0 0 1 0 1 b856 1 f1 f3
R 36 80000112 80000116 40228333 0 0 0 3 1 5 800003a0 2 80000380 6 20 20 f 0 0 80000380 0 0 0 0 0 0 0 1 0 0 0 0 f2 f4
R 37 80000116 8000011a 2000393 0 0 0 3 1 0 0 0 0 7 20 20 f 0 0 0 0 0 0 0 0 0 0 1 0 0 0 0 f3 f5
R 38 8000011a 8000011e 14731763 0 0 0 3 1 6 20 7 20 0 0 0 f 0 0 20 0 0 0 0 0 0 0 1 0 0 0 0 f4 f6
R 39 8000011e 80000120 4e72 0 0 0 3 1 2 80000380 0 0 1c 22222222 8000039c f 0 22222222 44444444 0 0 0 0 0 0 0 1 0 0 0 0 f6 f9
R 3a 80000120 80000124 148e1463 0 0 0 3 1 1c 22222222 8 22222222 0 0 0 f 0 22222222 22222222 0 0 0 0 0 0 0 1 0 0 0 0 f9 fb
R 3b 80000124 80000126 4e62 0 0 0 3 1 2 80000380 0 0 1c 11111111 80000398 f 0 11111111 0 0 0 0 0 0 0 0 1 0 0 0 0 fd 102
R 3c 80000126 8000012a 141e1163 0 0 0 3 1 1c 11111111 1 11111111 0 0 0 f 0 11111111 11111111 0 0 0 0 0 0 0 1 0 0 0 0 102 104
R 3d 8000012a 8000012a 1c12403 0 0 0 3 1 2 80000380 0 0 8 22222222 8000039c f 0 22222222 11111111 0 0 0 0 0 0 0 1 0 1 ba56 0 106 109
R 3e 8000012a 8000012a 1812083 0 0 0 3 1 2 80000380 0 0 1 11111111 80000398 f 0 11111111 0 0 0 0 0 0 0 0 1 0 1 ba56 0 10c 110
R 3f 8000012a 8000012c 2010113 0 0 0 3 1 2 80000380 0 0 2 800003a0 800003a0 f 0 11111111 0 0 0 0 0 0 0 0 1 0 1 ba56 1 10f 111
R 40 8000012c 80000130 12511e63 0 0 0 3 1 2 800003a0 5 800003a0 0 0 0 f 0 11111111 800003a0 0 0 0 0 0 0 0 1 0 0 0 0 110 112
R 41 80000130 80000134 a0a0a537 0 0 0 3 1 0 0 0 0 a a0a0a000 a0a0a000 f 0 11111111 0 0 0 0 0 0 0 0 1 0 0 0 0 111 113
R 42 80000134 80000138 a050513 0 0 0 3 1 a a0a0a000 0 0 a a0a0a0a0 a0a0a0a0 f 0 11111111 0 0 0 0 0 0 0 0 1 0 0 0 0 112 114
R 43 80000138 8000013c a1a1a5b7 0 0 0 3 1 0 0 0 0 b a1a1a000 a1a1a000 f 0 11111111 0 0 0 0 0 0 0 0 1 0 0 0 0 113 115
R 44 8000013c 80000140 1a158593 0 0 0 3 1 b a1a1a000 0 0 b a1a1a1a1 a1a1a1a1 f 0 11111111 11111111 0 0 0 0 0 0 0 1 0 0 0 0 114 116
R 45 80000140 80000140 50413 0 0 0 3 1 a a0a0a0a0 0 0 8 a0a0a0a0 a0a0a0a0 f 0 11111111 0 0 0 0 0 0 0 0 1 0 1 ac26 0 116 118
R 46 80000140 80000142 58493 0 0 0 3 1 b a1a1a1a1 0 0 9 a1a1a1a1 a1a1a1a1 f 0 11111111 0 0 0 0 0 0 0 0 1 0 1 ac26 1 117 119
R 47 80000142 80000146 a0a0ae37 0 0 0 3 1 0 0 0 0 1c a0a0a000 a0a0a000 f 0 11111111 a0a0a0a0 0 0 0 0 0 0 0 1 0 0 0 0 118 11a
R 48 80000146 8000014a a0e0e13 0 0 0 3 1 1c a0a0a000 0 0 1c a0a0a0a0 a0a0a0a0 f 0 11111111 0 0 0 0 0 0 0 0 1 0 0 0 0 11c 11e
R 49 8000014a 8000014e 11c41f63 0 0 0 3 1 8 a0a0a0a0 1c a0a0a0a0 0 0 0 f 0 11111111 a0a0a0a0 0 0 0 0 0 0 0 1 0 0 0 0 120 122
R 4a 8000014e 80000152 a1a1ae37 0 0 0 3 1 0 0 0 0 1c a1a1a000 a1a1a000 f 0 11111111 0 0 0 0 0 0 0 0 1 0 0 0 0 121 123
R 4b 80000152 80000156 1a1e0e13 0 0 0 3 1 1c a1a1a000 0 0 1c a1a1a1a1 a1a1a1a1 f 0 11111111 11111111 0 0 0 0 0 0 0 1 0 0 0 0 123 125
R 4c 80000156 8000015a 11c49963 0 0 0 3 1 9 a1a1a1a1 1c a1a1a1a1 0 0 0 f 0 11111111 a1a1a1a1 0 0 0 0 0 0 0 1 0 0 0 0 129 12b
R 4d 8000015a 8000015e 52525937 0 0 0 3 1 0 0 0 0 12 52525000 52525000 f 0 11111111 800003a0 0 0 0 0 0 0 0 1 0 0 0 0 12a 12c
R 4e 8000015e 80000162 25290913 0 0 0 3 1 12 52525000 0 0 12 52525252 52525252 f 0 11111111 52525000 0 0 0 0 0 0 0 1 0 0 0 0 12c 12e
R 4f 80000162 80000166 535359b7 0 0 0 3 1 0 0 0 0 13 53535000 53535000 f 0 11111111 0 0 0 0 0 0 0 0 1 0 0 0 0 12d 12f
R 50 80000166 8000016a 35398993 0 0 0 3 1 13 53535000 0 0 13 53535353 53535353 f 0 11111111 53535000 0 0 0 0 0 0 0 1 0 0 0 0 132 134
R 51 8000016a 8000016c 4501 0 0 0 3 1 0 0 0 0 a 0 0 f 0 11111111 0 0 0 0 0 0 0 0 1 0 0 0 0 133 135
R 52 8000016c 8000016e 4581 0 0 0 3 1 0 0 0 0 b 0 0 f 0 11111111 0 0 0 0 0 0 0 0 1 0 0 0 0 136 138
R 53 8000016e 8000016e 90513 0 0 0 3 1 12 52525252 0 0 a 52525252 52525252 f 0 11111111 0 0 0 0 0 0 0 0 1 0 1 ad6e 0 137 139
R 54 8000016e 80000170 98593 0 0 0 3 1 13 53535353 0 0 b 53535353 53535353 f 0 11111111 0 0 0 0 0 0 0 0 1 0 1 ad6e 1 138 13a
R 55 80000170 80000174 52525e37 0 0 0 3 1 0 0 0 0 1c 52525000 52525000 f 0 11111111 800003a0 0 0 0 0 0 0 0 1 0 0 0 0 139 13b
R 56 80000174 80000178 252e0e13 0 0 0 3 1 1c 52525000 0 0 1c 52525252 52525252 f 0 11111111 52525252 0 0 0 0 0 0 0 1 0 0 0 0 13a 13c
R 57 80000178 8000017c fc51863 0 0 0 3 1 a 52525252 1c 52525252 0 0 0 f 0 11111111 52525252 0 0 0 0 0 0 0 1 0 0 0 0 13c 13e
R 58 8000017c 80000180 53535e37 0 0 0 3 1 0 0 0 0 1c 53535000 53535000 f 0 11111111 0 0 0 0 0 0 0 0 1 0 0 0 0 141 143
R 59 80000180 80000184 353e0e13 0 0 0 3 1 1c 53535000 0 0 1c 53535353 53535353 f 0 11111111 53535353 0 0 0 0 0 0 0 1 0 0 0 0 143 145
R 5a 80000184 80000188 fc59263 0 0 0 3 1 b 53535353 1c 53535353 0 0 0 f 0 11111111 53535353 0 0 0 0 0 0 0 1 0 0 0 0 148 14a
R 5b 80000188 8000018c 417 0 0 0 3 1 0 0 0 0 8 80000188 80000188 f 0 11111111 0 0 0 0 0 0 0 0 1 0 0 0 0 14a 14c
R 5c 8000018c 80000190 10840413 0 0 0 3 1 8 80000188 0 0 8 80000290 80000290 f 0 11111111 80000188 0 0 0 0 0 0 0 1 0 0 0 0 14e 150
R 5d 80000190 80000194 f8500493 0 0 0 3 1 0 0 0 0 9 ffffff85 ffffff85 f 0 11111111 800003a0 0 0 0 0 0 0 0 1 0 0 0 0 151 153
R 5e 80000194 80000196 8844 0 0 0 3 1 8 80000290 9 ffffff85 0 0 80000291 0 1 0 ffffff85 0 0 0 0 0 0 0 1 0 0 0 0 157 15a
R 5f 80000196 80000198 6485 0 0 0 3 1 0 0 0 0 9 1000 1000 f 0 0 0 0 0 0 0 0 0 0 1 0 0 0 0 159 15b
R 60 80000198 8000019c 23448493 0 0 0 3 1 9 1000 0 0 9 1234 1234 f 0 0 0 0 0 0 0 0 0 0 1 0 0 0 0 15a 15c
R 61 8000019c 8000019e 8c24 0 0 0 3 1 8 80000290 9 1234 0 0 80000292 0 3 0 1234 0 0 0 0 0 0 0 1 0 0 0 0 15d 162
R 62 8000019e 800001a0 8048 0 0 0 3 1 8 80000290 0 0 a 85 80000291 1 0 85 11111111 0 0 0 0 0 0 0 1 0 0 0 0 165 16a
R 63 800001a0 800001a4 8500e13 0 0 0 3 1 0 0 0 0 1c 85 85 f 0 85 800003a0 0 0 0 0 0 0 0 1 0 0 0 0 169 16b
R 64 800001a4 800001a8 dc51263 0 0 0 3 1 a 85 1c 85 0 0 0 f 0 85 85 0 0 0 0 0 0 0 1 0 0 0 0 16a 16c
R 65 800001a8 800001aa 8428 0 0 0 3 1 8 80000290 0 0 a 1234 80000292 3 0 1234 800003a0 0 0 0 0 0 0 0 1 0 0 0 0 16d 170
R 66 800001aa 800001ac 6e05 0 0 0 3 1 0 0 0 0 1c 1000 1000 f 0 1234 0 0 0 0 0 0 0 0 1 0 0 0 0 16f 171
R 67 800001ac 800001b0 234e0e13 0 0 0 3 1 1c 1000 0 0 1c 1234 1234 f 0 1234 0 0 0 0 0 0 0 0 1 0 0 0 0 170 172
R 68 800001b0 800001b4 bc51c63 0 0 0 3 1 a 1234 1c 1234 0 0 0 f 0 1234 1234 0 0 0 0 0 0 0 1 0 0 0 0 171 173
R 69 800001b4 800001b6 74e1 0 0 0 3 1 0 0 0 0 9 ffff8000 ffff8000 f 0 1234 0 0 0 0 0 0 0 0 1 0 0 0 0 172 174
R 6a 800001b6 800001b8 485 0 0 0 3 1 9 ffff8000 0 0 9 ffff8001 ffff8001 f 0 1234 11111111 0 0 0 0 0 0 0 1 0 0 0 0 173 175
R 6b 800001b8 800001ba 8c04 0 0 0 3 1 8 80000290 9 ffff8001 0 0 80000290 0 3 0 ffff8001 0 0 0 0 0 0 0 1 0 0 0 0 177 17b
R 6c 800001ba 800001bc 8448 0 0 0 3 1 8 80000290 0 0 a ffff8001 80000290 3 0 ffff8001 0 0 0 0 0 0 0 0 1 0 0 0 0 17e 181
R 6d 800001bc 800001be 7e61 0 0 0 3 1 0 0 0 0 1c ffff8000 ffff8000 f 0 ffff8001 0 0 0 0 0 0 0 0 1 0 0 0 0 180 182
R 6e 800001be 800001c0 e05 0 0 0 3 1 1c ffff8000 0 0 1c ffff8001 ffff8001 f 0 ffff8001 11111111 0 0 0 0 0 0 0 1 0 0 0 0 181 183
R 6f 800001c0 800001c4 bc51463 0 0 0 3 1 a ffff8001 1c ffff8001 0 0 0 f 0 ffff8001 ffff8001 0 0 0 0 0 0 0 1 0 0 0 0 182 184
R 70 800001c4 800001c8 12345637 0 0 0 3 1 0 0 0 0 c 12345000 12345000 f 0 ffff8001 0 0 0 0 0 0 0 0 1 0 0 0 0 183 185
R 71 800001c8 800001cc 67860613 0 0 0 3 1 c 12345000 0 0 c 12345678 12345678 f 0 ffff8001 0 0 0 0 0 0 0 0 1 0 0 0 0 184 186
R 72 800001cc 800001ce 9e61 0 0 0 3 1 c 12345678 0 0 c 78 12345777 f 0 ffff8001 0 0 0 0 0 0 0 0 1 0 0 0 0 185 187
R 73 800001ce 800001d2 7800e13 0 0 0 3 1 0 0 0 0 1c 78 78 f 0 ffff8001 0 0 0 0 0 0 0 0 1 0 0 0 0 186 188
R 74 800001d2 800001d6 9c61b63 0 0 0 3 1 c 78 1c 78 0 0 0 f 0 ffff8001 78 0 0 0 0 0 0 0 1 0 0 0 0 188 18a
R 75 800001d6 800001da 12345637 0 0 0 3 1 0 0 0 0 c 12345000 12345000 f 0 ffff8001 0 0 0 0 0 0 0 0 1 0 0 0 0 18d 18f
R 76 800001da 800001de 68060613 0 0 0 3 1 c 12345000 0 0 c 12345680 12345680 f 0 ffff8001 0 0 0 0 0 0 0 0 1 0 0 0 0 18e 190
R 77 800001de 800001e0 9e65 0 0 0 3 1 c 12345680 0 0 c ffffff80 12345c84 f 0 ffff8001 0 0 0 0 0 0 0 0 1 0 0 0 0 18f 191
R 78 800001e0 800001e4 f8000e13 0 0 0 3 1 0 0 0 0 1c ffffff80 ffffff80 f 0 ffff8001 0 0 0 0 0 0 0 0 1 0 0 0 0 190 192
R 79 800001e4 800001e8 9c61263 0 0 0 3 1 c ffffff80 1c ffffff80 0 0 0 f 0 ffff8001 ffffff80 0 0 0 0 0 0 0 1 0 0 0 0 191 193
R 7a 800001e8 800001ec 1234b637 0 0 0 3 1 0 0 0 0 c 1234b000 1234b000 f 0 ffff8001 0 0 0 0 0 0 0 0 1 0 0 0 0 197 199
R 7b 800001ec 800001f0 bcd60613 0 0 0 3 1 c 1234b000 0 0 c 1234abcd 1234abcd f 0 ffff8001 0 0 0 0 0 0 0 0 1 0 0 0 0 198 19a
R 7c 800001f0 800001f2 9e69 0 0 0 3 1 c 1234abcd 0 0 c abcd 1234abcd f 0 ffff8001 0 0 0 0 0 0 0 0 1 0 0 0 0 199 19b
R 7d 800001f2 800001f4 6e2d 0 0 0 3 1 0 0 0 0 1c b000 b000 f 0 ffff8001 0 0 0 0 0 0 0 0 1 0 0 0 0 19a 19c
R 7e 800001f4 800001f8 bcde0e13 0 0 0 3 1 1c b000 0 0 1c abcd abcd f 0 ffff8001 0 0 0 0 0 0 0 0 1 0 0 0 0 19e 1a0
R 7f 800001f8 800001fc 7c61863 0 0 0 3 1 c abcd 1c abcd 0 0 0 f 0 ffff8001 abcd 0 0 0 0 0 0 0 1 0 0 0 0 1a0 1a2
R 80 800001fc 80000200 1234b637 0 0 0 3 1 0 0 0 0 c 1234b000 1234b000 f 0 ffff8001 0 0 0 0 0 0 0 0 1 0 0 0 0 1a4 1a6
R 81 80000200 80000204 bcd60613 0 0 0 3 1 c 1234b000 0 0 c 1234abcd 1234abcd f 0 ffff8001 0 0 0 0 0 0 0 0 1 0 0 0 0 1a7 1a9
R 82 80000204 80000206 9e6d 0 0 0 3 1 c 1234abcd 0 0 c ffffabcd 1234b1d2 f 0 ffff8001 800003a0 0 0 0 0 0 0 0 1 0 0 0 0 1a9 1ab
R 83 80000206 80000208 7e6d 0 0 0 3 1 0 0 0 0 1c ffffb000 ffffb000 f 0 ffff8001 0 0 0 0 0 0 0 0 1 0 0 0 0 1aa 1ac
R 84 80000208 8000020c bcde0e13 0 0 0 3 1 1c ffffb000 0 0 1c ffffabcd ffffabcd f 0 ffff8001 0 0 0 0 0 0 0 0 1 0 0 0 0 1ad 1af
R 85 8000020c 80000210 5c61e63 0 0 0 3 1 c ffffabcd 1c ffffabcd 0 0 0 f 0 ffff8001 ffffabcd 0 0 0 0 0 0 0 1 0 0 0 0 1ae 1b0
R 86 80000210 80000214 f0f1637 0 0 0 3 1 0 0 0 0 c f0f1000 f0f1000 f 0 ffff8001 0 0 0 0 0 0 0 0 1 0 0 0 0 1b3 1b5
R 87 80000214 80000218 f0f60613 0 0 0 3 1 c f0f1000 0 0 c f0f0f0f f0f0f0f f 0 ffff8001 0 0 0 0 0 0 0 0 1 0 0 0 0 1b4 1b6
R 88 80000218 8000021a 9e75 0 0 0 3 1 c f0f0f0f 0 0 c f0f0f0f0 f0f0f0e f 0 ffff8001 0 0 0 0 0 0 0 0 1 0 0 0 0 1b8 1ba
R 89 8000021a 8000021e f0f0fe37 0 0 0 3 1 0 0 0 0 1c f0f0f000 f0f0f000 f 0 ffff8001 0 0 0 0 0 0 0 0 1 0 0 0 0 1bb 1bd
R 8a 8000021e 80000222 f0e0e13 0 0 0 3 1 1c f0f0f000 0 0 1c f0f0f0f0 f0f0f0f0 f 0 ffff8001 0 0 0 0 0 0 0 0 1 0 0 0 0 1be 1c0
R 8b 80000222 80000226 5c61363 0 0 0 3 1 c f0f0f0f0 1c f0f0f0f0 0 0 0 f 0 ffff8001 f0f0f0f0 0 0 0 0 0 0 0 1 0 0 0 0 1bf 1c1
R 8c 80000226 80000228 461d 0 0 0 3 1 0 0 0 0 c 7 7 f 0 ffff8001 20 0 0 0 0 0 0 0 1 0 0 0 0 1c0 1c2
R 8d 80000228 8000022a 56e9 0 0 0 3 1 0 0 0 0 d fffffffa fffffffa f 0 ffff8001 0 0 0 0 0 0 0 0 1 0 0 0 0 1c1 1c3
R 8e 8000022a 8000022c 9e55 0 0 0 3 1 c 7 d fffffffa c ffffffd6 6 f 0 ffff8001 fffffffa 0 0 0 0 0 0 0 1 0 0 0 0 1c2 1c4
R 8f 8000022c 80000230 fd600e13 0 0 0 3 1 0 0 0 0 1c ffffffd6 ffffffd6 f 0 ffff8001 0 0 0 0 0 0 0 0 1 0 0 0 0 1c6 1c8
R 90 80000230 80000234 3c61c63 0 0 0 3 1 c ffffffd6 1c ffffffd6 0 0 0 f 0 ffff8001 ffffffd6 0 0 0 0 0 0 0 1 0 0 0 0 1c8 1ca
R 91 80000234 80000238 97 0 0 0 3 1 0 0 0 0 1 80000234 80000234 f 0 ffff8001 0 0 0 0 0 0 0 0 1 0 0 0 0 1ca 1cc
R 92 80000238 8000023c 1008093 0 0 0 3 1 1 80000234 0 0 1 80000244 80000244 f 0 ffff8001 0 0 0 0 0 0 0 0 1 0 0 0 0 1d0 1d2
R 93 8000023c 8000023c fe112e23 0 0 0 3 1 2 800003a0 1 80000244 0 0 8000039c 0 f 0 80000244 0 0 0 0 0 0 0 1 0 1 b842 0 1d5 1d8
R 94 8000023c 8000023e ff010113 0 0 0 3 1 2 800003a0 0 0 2 80000390 80000390 f 0 0 0 0 0 0 0 0 0 0 1 0 1 b842 1 1d7 1d9
R 95 8000023e 80000240 4081 0 0 0 3 1 0 0 0 0 1 0 0 f 0 0 0 0 0 0 0 0 0 0 1 0 0 0 0 1d8 1da
R 96 80000240 80000240 c12083 0 0 0 3 1 2 80000390 0 0 1 80000244 8000039c f 0 80000244 ffffffd6 0 0 0 0 0 0 0 1 0 1 be42 0 1dc 1e1
R 97 80000240 80000240 1010113 0 0 0 3 1 2 80000390 0 0 2 800003a0 800003a0 f 0 80000244 0 0 0 0 0 0 0 0 1 0 1 be42 0 1e0 1e2
R 98 80000240 80000244 8067 0 0 0 3 1 1 80000244 0 0 0 0 80000242 f 0 80000244 0 0 0 0 0 0 0 0 1 0 1 be42 1 1e1 1e3
R 99 80000244 80000248 2511263 0 0 0 3 1 2 800003a0 5 800003a0 0 0 0 f 0 80000244 800003a0 0 0 0 0 0 0 0 1 0 0 0 0 1e7 1e9
R 9a 80000248 8000024c 97 0 0 0 3 1 0 0 0 0 1 80000248 80000248 f 0 80000244 0 0 0 0 0 0 0 0 1 0 0 0 0 1e9 1eb
R 9b 8000024c 80000250 1608093 0 0 0 3 1 1 80000248 0 0 1 8000025e 8000025e f 0 80000244 0 0 0 0 0 0 0 0 1 0 0 0 0 1ea 1ec
R 9c 80000250 80000250 fe112e23 0 0 0 3 1 2 800003a0 1 8000025e 0 0 8000039c 0 f 0 8000025e 0 0 0 0 0 0 0 1 0 1 b842 0 1f1 1f4
R 9d 80000250 80000252 ff010113 0 0 0 3 1 2 800003a0 0 0 2 80000390 80000390 f 0 0 0 0 0 0 0 0 0 0 1 0 1 b842 1 1f3 1f5
R 9e 80000252 80000256 5a5a6537 0 0 0 3 1 0 0 0 0 a 5a5a6000 5a5a6000 f 0 0 800003a0 0 0 0 0 0 0 0 1 0 0 0 0 1f4 1f6
R 9f 80000256 8000025a a5a50513 0 0 0 3 1 a 5a5a6000 0 0 a 5a5a5a5a 5a5a5a5a f 0 0 0 0 0 0 0 0 0 0 1 0 0 0 0 1f5 1f7
R a0 8000025a 8000025a c12083 0 0 0 3 1 2 80000390 0 0 1 8000025e 8000039c f 0 8000025e ffffffd6 0 0 0 0 0 0 0 1 0 1 bc42 0 1f8 1fc
R a1 8000025a 8000025a 1010113 0 0 0 3 1 2 80000390 0 0 2 800003a0 800003a0 f 0 8000025e 0 0 0 0 0 0 0 0 1 0 1 bc42 0 1fb 1fd
R a2 8000025a 8000025a 513 0 0 0 3 1 0 0 0 0 a 0 0 f 0 8000025e 0 0 0 0 0 0 0 0 1 0 1 bc42 0 1fc 1fe
R a3 8000025a 8000025e 8067 0 0 0 3 1 1 8000025e 0 0 0 0 8000025c f 0 8000025e 0 0 0 0 0 0 0 0 1 0 1 bc42 1 1fd 1ff
R a4 8000025e 80000260 e509 0 0 0 3 1 a 0 0 0 0 0 0 f 0 8000025e 0 0 0 0 0 0 0 0 1 0 0 0 0 203 205
R a5 80000260 80000264 511463 0 0 0 3 1 2 800003a0 5 800003a0 0 0 0 f 0 8000025e 800003a0 0 0 0 0 0 0 0 1 0 0 0 0 206 208
R a6 80000264 80000266 4185 0 0 0 3 1 0 0 0 0 3 1 1 f 0 8000025e 8000025e 0 0 0 0 0 0 0 1 0 0 0 0 20a 20c
R a7 80000266 8000026a a011 0 0 0 3 1 0 0 0 0 0 0 80000268 f 0 8000025e 0 0 0 0 0 0 0 0 1 0 0 0 0 20b 20d
R a8 8000026a 8000026e f17 0 0 0 3 1 0 0 0 0 1e 8000026a 8000026a f 0 8000025e 0 0 0 0 0 0 0 0 1 0 0 0 0 216 218
R a9 8000026e 80000272 16f0f13 0 0 0 3 1 1e 8000026a 0 0 1e 80000280 80000280 f 0 8000025e 0 0 0 0 0 0 0 0 1 0 0 0 0 21b 21d
R aa 80000272 80000276 3f2023 0 0 0 3 1 1e 80000280 3 1 0 0 80000280 0 f 0 1 0 0 0 0 0 0 0 1 0 0 0 0 220 225
R ab 80000276 80000276 a001 0 0 0 3 1 0 0 0 0 0 0 80000278 f 0 0 0 0 0 0 0 0 0 0 1 0 0 0 0 224 226
R ac 80000276 80000276 a001 0 0 0 3 1 0 0 0 0 0 0 80000278 f 0 0 0 0 0 0 0 0 0 0 1 0 0 0 0 229 22b
R ad 80000276 80000276 a001 0 0 0 3 1 0 0 0 0 0 0 80000278 f 0 0 0 0 0 0 0 0 0 0 1 0 0 0 0 231 233
R ae 80000276 80000276 a001 0 0 0 3 1 0 0 0 0 0 0 80000278 f 0 0 0 0 0 0 0 0 0 0 1 0 0 0 0 239 23b
R af 80000276 80000276 a001 0 0 0 3 1 0 0 0 0 0 0 80000278 f 0 0 0 0 0 0 0 0 0 0 1 0 0 0 0 23f 241
# flush seq=2 records=af retired=af markers=0 events=0 cycle=249
# end records=af retired=af markers=0 events=0
