# records 13..22 of dv/auto_dv/work/tb-infra/out_t090/e/red_zcmp_trap/gen_export.txt (the trapping micro-op order 17: trap 1, exp_valid 1, exp_last 0, expanded sw, wmask 0, pc_wdata == pc_rdata; the sequence restarts at order 19)
R d 8000012c 80000130 33348493 0 0 0 3 1 9 33333000 0 0 0 0 9 33333333 33333333 f 0 0 0 0 0 0 0 0 0 0 1 0 0 0 0 37 39
R e 80000130 80000134 44444937 0 0 0 3 1 0 0 0 0 0 0 12 44444000 44444000 f 0 0 0 0 0 0 0 0 0 0 1 0 0 0 0 3b 3d
R f 80000134 80000138 44490913 0 0 0 3 1 12 44444000 0 0 0 0 12 44444444 44444444 f 0 0 0 0 0 0 0 0 0 0 1 0 0 0 0 3d 3f
R 10 80000138 8000013c c800313 0 0 0 3 1 0 0 0 0 0 0 6 c8 c8 f 0 0 22222222 0 0 0 0 0 0 0 1 0 0 0 0 41 43
R 11 8000013c 8000013c ff212e23 1 0 0 3 1 2 80000300 12 44444444 2 80000300 0 0 800002fc 0 0 0 44444444 0 0 0 0 0 0 0 1 0 1 b872 0 46 4a
R 12 80000200 80000204 30200073 0 0 0 3 1 0 0 0 0 0 0 0 0 fffffcfe f 0 0 80000300 0 0 0 0 0 0 0 1 0 0 0 0 51 53
R 13 8000013c 8000013c ff212e23 0 0 0 3 1 2 80000300 12 44444444 2 80000300 0 0 800002fc 0 f 0 44444444 0 0 0 0 0 0 0 1 0 1 b872 0 5d 62
R 14 8000013c 8000013c fe912c23 0 0 0 3 1 2 80000300 9 33333333 2 80000300 0 0 800002f8 0 f 0 33333333 0 0 0 0 0 0 0 1 0 1 b872 0 65 68
R 15 8000013c 8000013c fe812a23 0 0 0 3 1 2 80000300 8 22222222 2 80000300 0 0 800002f4 0 f 0 22222222 0 0 0 0 0 0 0 1 0 1 b872 0 6b 70
R 16 8000013c 8000013c fe112823 0 0 0 3 1 2 80000300 1 11111111 2 80000300 0 0 800002f0 0 f 0 11111111 0 0 0 0 0 0 0 1 0 1 b872 0 73 78
